INDEX 01³ GORRESPONDENTS 508

Nic. 01, 144; Ι. 341. 01111117,111. 561.
Philip 01, 608, 718, 758, 1048; Christiem11,IV.?68.
111. 14. 011510101111, .473.
Burgus, 1.,1. 81. Gigalinuu, 108ος 71. 189.
1111011,880,884,1109,1180;111195. 01111 514, 580, 585, 517, 050, 005,
8011011101,1’.,1.364 716, 748, 841, 1373; 1. 3891111
0., 666, 061, 666, 804, 671, 1451 ; ΙΙ. 4 50
111. 108. 0117110111, 660, 1661; 111 . 619.
H, 805, 144·, 470, 484; Ι. 434. 3011011111111414, 1416, 1438, 1588.
caelin. 0111911111, 1110, 1587: cissffriif'i.,·1.¹⁹;⁸⁶..
111. 15. 010111, IV. 22.
01101111 8506191111, 9491 11. 348. 010111. 0118511406, 108 6, 1710,
Caesarius, 374, 488, 510, 615, 088, 173ο,1788,1755, 17931 V. 175.
680, 701, 771, 808, 1191, 1588; 0101011011101, 111. 195.
11. 171. 0110111010, ΠΙ. 1.
0111051110, 71. 357. 0171101, 1417.
01111417. 145. 0001110, 7. 140.
011011,1604; 11. 558. 00101, 106, 107, 108,106, 110,111,
0111111111,1501,1011; 1555. 181, 101111, 117, 230, 101,
0111510310, 661, 995, 660, 1068, 887, 158, 860870, 878, 314,413,
1081, 1107, 1410, 1415, 1488, ἱ931786, 885, 8617 1. 141.
1111111171. 1318111111...
0111 101, 11; 71. 97. 0010910 Nuus 1846.
0111 ’ , V. 145. 0010110, Ρ, V 411.
0110111, 489, 588; 11. 381. cop, 513, 587, 1785; 1. 186.
0111011, 88; Ι. 116. Copp, 0., 111. 614.
011111101111610; 111. 349 0071911,1008; IV. 385.
Capito, 459, 541, 561, 600, 781, 784, 01101111,111. 101.
766, 677, 938, 1074, 10831165, 0010111141 111. 5 33.
11
01111161ὶῆ10. 0115111151. 117.’“’
0111111 877, 0401 1. 550. ς 001101, 111. 83.
01101011, 111. 496. ’ 00111, V. 145.
cirinus, 680,1084,1766; 111. 496. (101110501ωο, Peter 01, 166.
0111110111,111.469. 0111011011, 1145, 1178, 1317,1545,
01111111110,Ρ., 1. 513. 15481655, 17844 IV. 349.
0110100101, 1.,1110; V. 154. 0111111101, V. 306.
1.,1876,1884,1484,1708; 111. 157. 010111, 711101, 1. 104.
01111111, V. 53. 0110111, 1086, 1551,1758; 71. 193.
01110101101111, 8., 1. 454. 01010, 8871 1. 467.
01011111, V. 515. 01010019, 11. 01, V. 160.
0110101001, 15941080, 16511705, 0111107911, VI. 310.
; ,1 . ., ,1 .
0116911010, 71. 473. W.. 9453357. 958, 656; 111. 68.
01111110, V. 50 01110, 7., 7. 578.
0011111110, 111. 414. 0111111, Ρ, 1537; 7. 150.
Geminus, 111. 45.
0010001111, 111. 156. 1111001101, 1022; [V. 89.
011100107110, 11. 165. 1111111111, 11511858 (1),1880; 11.
0111190111, S, 680·; 71. xxv. 476.
charles v, 868, 1855, 1170, 1380, Decius, J. 1... 1868; V. ³⁴33
1731. 110101111181011, 14614 ,4 .
0111110011,11.,1. 143. 0011111101,811.,650,1005;11 . 61.
0110109110, 639, 1080, 1144, 1880, 11., 788, 746, 757, 610, 6181088,
1680; 111. 61. 1151; 111. 167.
01111101, 11. 475. 11, ΙΠ. 181.

 

