614

Pighius, 1589: VI. 127.

Ρ1001.80, 111. 510.
Ρ1101111011001,011011100,11, 239.
01010, 11. 239.

W.. 318, 888, 326·, 359, 888, 375,
wm9mm8m½m
8681088, 1095, 1188, 1188,
1844188812631888, 1887,
1841, 1344,18711,1888,1888,
1408,1417,1440,1488,’ 1488,
1480, 1888,1848,1888, 1880,
1888,1808,1811,17171’188; 11.

Ρί10,216,127,1662,1784; 1..452
Ρ101ο4)1111110,11.,713.ο
Ρ101011110, 1521, 16931744; IV. 308.
Piun,J. 8apt, Ι. 507.
41884; VJ. 200.
Ρ10100, ’1180, 1. 204
71012, 1187, IV. 318.
Ρο11101100, 1'v. 271.
Ρο10,1887,1878; 71. 191.
70001101, F.. 11447.
8., 888, ,1018341 454.

42.

Pop 91410010

Ρο111110,1 I.171.
Ρο11170,111,2.3ἱ
70110Ιο11013 110 01,111. 187

paepositus, 1084,

Ρ10100010, ΙΙ. 24.
mmmm
Ρ100011,398.

Ρ1100018, 72, 888, 1170· 111. 597.
Ρ101101,111,606.
Ρο001,4,880,1680;111,379.
11,, 1000, 111. 379.
Ρο1100,7Ι,2.38

770000, IV. 253.

1108111110,Ι7,409

1104) 01101010, 1111101101, Vl. 161.

11094), ΙΙ. 8.

11001011, W., IV. 20.

1100801, The, 188, 888, 888, 841,
878, 848, 877, 678, 878, 808, 818,
1010, 1041, 1078, 11001188,
1184, 1808,1888,1480,1888,
1887,1788,1788,1801

1103111011, ΙΙ. 31.4
1183386, 888, 884, 1253,

11010011, 808, 309; 11 27.

1101111311, 111' 262.

800010054618407 1149

1100011110, 290, 80(1, 8849 7418, 467,
471, 562, 718, 1188; 1. 555.

Rhodus, 1178

1111001101, 1. 63.

1110110, 888,3 40; 11. 69.

1110101800,’1,Ρ471.166.

11. 188.

INDEX 011 0011111181’011111111‘18

1110100,1180;11500,
1110100100,411; 11241.

11011701 J 808, 1048, 1488, 14574

ΒΟΙ0111011910ή8061νο111111,6ι74, 8, 8, 7, 8, 8,
,18, 1892 ,142,188, 188, 800,
808, 888; 177

1104101, 11. ,1'404; 7JV. 18.

11030ἓοοο81,1188,1184,1178; IV.
1

11010011001184· IV. 326.

111180111οᾆ00, ΙΙ. 8

110011, 11. 12,

11011110, G.. V. 378

11010110,11.,177,178;1,390.

110001, 808, 888; 11. 8.

1111111011, 188, 886, 487, 874, I. 423.

11070, 71414784 ’V. 507.

110110, 926, 888;11. 402.

11781101, 111. 282.

80016013, 1101111100 01, 111. 395.
80801010, 1511,1888,1888; V. 572.

wwmmwmh
81. 01001, 48110001, 188.

801100, IV. 299
8017113, 111. 48
010,οο11 780, 8081 11, 194.
0011111017, 601.
mwmffhmfflm.
11101251,

8001101111, 18.

80060011, IV. 238.

80001, V. 18.

80111010οη00, V. 211.

8041110341 10, 410, 4,36 788, 888;

240.

8111111100, 1168, IV. 377.

8001411007οε, 1188, 1478· IV. 413.

Scep 4),01110 7Ι,4 4.09

8011011, 164ςὸ VL 230

80110160 ,,977 881, ·111. 602,

8011010, 11,, 1541, 1888, 1590, 1647,
1650188416ςὸ 1671,1878, 1681,
1682,17501788,1764,1788,1772,
1781, 1783 71. 12.

8011111001,1171,1178,1848,1848,
1888;11.307.

8011101142.

8011001013,.47 49,5

8011011,.,1 V. 41,6

8011010011. 386.

80110801111110, 1884.

80118101, 811, 612, 888; I. 465.

8011111, 11,, 1. 118.

8011110100,1188; IV. 452.

801781007012, 1688, 17687 Vl. 134.

scriptoris, VI. 214.

 

