608

Bathinus, N ..613

P.. 443, ’565, 608, 621, 662, 696,
7’62, 794, 803,6’47, 1216, ’71226
1236,12415,294,1302,1363,
1470’, 1606, 1621; 11. 283’.

6111116, 461, 492, 516, 646, 647,
1060,1061,1163,1204,1664,
016941 111. 386.

1111111ὶί1116.111114214961198·Βο

6111611111, L.. 11877 IV. 445.

611111, 91111262.

61111 own 0611611, 1396, 1606,
16391636.

6111166111, 16111426.

6111111161, .’253.

Βι11,0,7 3,.339
13542786,90,,91,96101, 102,
119,12ο,123,124,128,129,130,
436, 136, 133, 139, 146,161,’1637

131.
611111 1111111111, 318, 327, 326, 336,

16111611111181 1911122122
11111116141611, 11611 11ἶ

61611, H 321, 11. 45.

671617, 867761 661111111, 291, 326, 376,

1183119171 ¹³3¹..¹⁷⁸⁷ ¹ ⁵⁵⁷

6161,167’1,1579,1661,1696, 1669,

ὲ680,1620,1642,1679, 16857 71.

61161711, 387, 426, 782, 623 692, 1176,
192.

611111, 17131.

6111713 ,3773 111. 416.

6111116116, 166, 160, Ι. 364.

6111111117, 7423

611, 4,68 607, 582, 627, 730, 1203,

1419, 14 26, 1741, 17607 11. 381.

6116661925, 989, 99410021024,

1066,1186,12841 111. 563.

6116111111, 7, 169

6111,,11 1490, ff 538

6121ξὲ1, &bt 766111141331346, 162, 262,

21161111,116,1111 111191.

(161161, 1662.

1111111161, 1. 318.

Η111761,’49, 61164 Ι..16ο

166161737111.166’.

611111, 71. 264

611611611,Ρ6,161., 1. 567.

Ρ1ι.,7,11 7.244.

6119111, 1699, 16927 111. 565.

611111111, 674, 718, 736, 748, 766,

6167176688Ιῇ 17127 V. 13.

INDEX 07 OORRESPONDEN'PS

6162111111, 1667, 71. 362.

6111, 11. 556.

6111116111, 1891, 14681673, 17661
616617187474347.
BH 11196 V··347

66161, H.. 47, Ι. 15.
661116, J. ’6. ,2677 8. 519.

1194111111, 111 1Ϊ11
111116121261111 199

661211161611, 1, 367.

6611611111Ρ, 216, 217, 223, 3251,
257, 729, 800, 666, ,363 906,
12131236,411,1 1681· 443.

6611136611, 713 6.

66161111, ΙΙΙ. 388.

66171161, 7. 617.

1161111116,1111161111; 1. 263.

6611611111, 1154, 11631 ’17. 363.

6611111, 4’, 63, 76, Ι.’163.

6611111111, 1, 1103,’1285, 1331, 1335,
1361,1362’,1461,1454,;11319, 1536,

6666687 787168618718776171. 171.

6611616111, 71. 146.’

61111411. 7.

6111661611, 11461 17. 351.

6111111. 523.

6117 1116116, 17. 3.68

611116, 6709416017 11193.

6119611111, 77., 7. 386.

61166111, E.. 17. 526.

6111111, 4.22

61111161, ἸΙΙ..4

611116111 Ρ 7 379

6112111, ’0, 569, 620, 1645, 1117,
1697, ,17336861 1.’.447

6113166114,1318,16107 7.313.5

6111111110. ,,1465 1466, 16147 V 367
61111111,16’6161,60,166.

616116, 12377 1v'. 588.

61611111171. 14 ο.

61611111), 7. ’778

W ..403 4211111 441. 42011911
22 631684, 568 571, 583
866, 728, 744, 787 778, 816, 81,
319, 869, 896, 906, 915, 924, 929,
930, 964, 987, 992, 1004, 1611,
1615, 1028,1066,,1673 1133 ,1184

1233, 1326, 1317627 1439, 14461601,

1619,1734·Ῑ

HNP

449 45⁶ 579 530. 7771
626, ’690711
61161111,1183;

61111111, IV.348 ””6”’33 3³3

61131167, 4131.4 8611. 268.
David 61,’ 111. 15.
1111. 61, ’16631 17. 392. ,

141167

 

