612

1111611, R. (Γ, loe3 1. 436
1161116111, 111. 414.
bolanis, 17, 365,

1611111116, (1., 111 25,

John, 38.

John, 104, 008.

John 11161 76111311, 1000,

John 61 8116151070.

16112, 870. 006, 1000, 1167, 1202,
1211; 111413.

161116, Β.,1030; vl. 263.

1111, 71, 382,

Julius 11, 187· (111. xxix).

Κα1111111116ο14113361,1727.
11611716, V. 282.rago

116116166161,7.4 455.

116 16,11116,,170 525; 1. 3882111

1110464116111161, 17, 162.
11111161, 358813 11 144.
111661613661, 111ος 11. 422.
111671161,11’1’7; 17. 431,
1161161361, ll. 558.
1166611121, 11. 42.
11121261.114,31

111116,11. 41,

16611161, 020, 783311, 251.

111111111 01* 0011131181‘01111111118

1661111111,1180;17. 36

166 old 3114121112, 11³. 578.

16 1121111, 11, 13261346, 1356,
13083 7,138,

16 76666111, 1. 363.

1111654111, 1.106.

Lily, ’11. 113

11116116, 104,410,1230; 1. 274.

11111611, 17. 163

113341, ,495 566, 564, 000, 007, 8383

407·

11261, VI. 436.

16611651 6.

Longi 6111ρὶ111111, 8813 111. 418.

Lo ν316111, 1636, 1 576 1704, 170ος

1613311111,9,14036; 111472.
16111111,1ο11611666;11.8.
16115101700,
16111111,16111161,740.

16171111 ’1116616ςί111, 1217, 1301,
1002,1589,1784·. ·

167611, 17. 333.

1166661116, 82.
11661,914·111,473
11611366,141; 7. 38.7

1171661, 431, 664, 000, 10201003,
3220,.1366,1361,1595,1024;

1111567933080,1443,1446,1088;

1m,5.,m‚mwm;m m1

468
Μ,11.562,
1613611167.
141116,.,1“ 1, 548
11161ιί1, 116111, 1. 67.
1., 830; 1. 523.
163633, 11, 1602, 1022, 17013 17.
1,,1074,
8, V. 566
16111161, 77, 417, 516, 040; 14.38
1616111511, 7. 1,
1,, ,1059}11'; 111. 513
Laurens, 1200, 7,48.
1411161111, 17 397,
1211111111,1,,,1432
11661616, 717, 740, 703, 700,
Ρ81134ο ,,840 1342 1,458, 1. 432.
moth} 700, 000,1637, 1661· 111.

71.,317413

166,.Δ ,854 00ος 111. 352.

1662162, 386, 338, 339, 384, 440,
mmffimfflmw
11431186.

1661166111 11. 489.

16611611,,11 V. 5261

Luxemburg, 1111. 61, 131147, 148,
100,101,073,702; 1317
111161, 1071.

173161 7316111, 760, 807, 843, 807, 888,
wwwmafflmm
034 000, 000, 1010, 16351030.
1040,11148,1040,1062,1000,
1000,1070,1000,1140,1174,
1180, 1100,1473, 1047, 111185.

1116166116,111.4.22

11116166, 1116 61, 0041 111. 432.

11610611116,1742; 71. 393,

111111111171. 123,

111111111147.

1111111116.

Manutius, Paul, 11. 591.

11 69,1161 V. 266.

1161666116,042,1476;111.316.

Margaret 61 Austris, 1386.

11613116161761616,1010;·,71 174

1163161111, 1114, 1100,1198,1100;
1 241

11116111,Ρ, 1. 356.

11611616, 711,1. 514.

Martia, 70.

1111111116, II. 192.

Marullus, 11. 187.

 

