516

7116,667,1164696,1111, 1666,
125'6. 1271, 1681, 1363, 1366,
1366,1455,ι313,5081581,1616,1666,

1’16ν113626,;1986’(1,1508 1407, 1649, 1369,

7611,33768,3,76,96811075,1618,
,6717167178

176616, W. de, 11. 6
7761161611, 7163.
7761663116116666 661, 71686.
7761166111, 11476.
176666617194.

17611661, 188, 908, 614, 646· (111.
425, 465, 558, 590 (7), 781, 899,
1905, 1223,1451‚1458,'}1405
1488, 1604; 1. 4ι7.

6ΜἾΜΜΜΫ6.
17616666 666, 7. 367.
7761166, 1v. 431.
. 1. 468.
77363Ξὲ N„ 48, 60, 74, 77, 171,
77611616 Τ. 66, ΙΙ. 4
ΜΜ,6,Μῇω
-Wied,H. 01,111. 295.

mi), 981, 905, 686, 999, 990,
17616664 6, 519, 376ς Ι.
176611616, 198, 941, 977, 779, 8883
7761161, 876, ΙΙΙ. 416.

17161166, 7. 636.

INDEX 01³ OORRESPONDEN'PS

wildemuer (Ε3ι-6666),1977; 111.

7711121616711644.

17133131ὠί63 3,664 366, 806, 386 886,,
1617ς1463.
17166161,1·1;1..73

7716311616, Rich. 791, IL 174.
11661, 1166.

77161697 6773

7761663, 984, 997, 948, 677, 858,
9071091, 1000,1119,1199,1909,
1488, 1897.

7766666161, 7. 397.
77361161661991, 1331; 17. 371,

1161666411. 488.
7663139087 1. 366.

766166, 363, 366, 907, 316, 918,3 317,
mmmwmffiffl‚w‚

mmmmm’wm
11631969,1666,1868; 119
1163161,1666,1990’;7.ι7.

16661, 880(7); 1114 493.

zoob, 111. 386.

Zurie'h 'Jown Council. 1979.
2613166166, 1005.

1111611,.6.,7. 384

1121: ,666

1,1049,1180.

 

