INDEX 08 OORRESPONDENTS 518

11011100, 11557, 110011401111
1101000111, VI. 165. 1100000, Η. 0111177, 01, 1. 350.
11005011, 52, 78, 1166, 11010101,,Ρ 139
1100011,1888,71, ι98. 1100010100,11.011.
1100111111,1.,178,180, 202· 1, 1101100ομ8,1577,1882,1878,7178.
1101809111, 1412 1114 409 Vzffiergmxlfflsso.
Medici, 1., (10’, 111. 134. 110510 0,1.111
11011,.8 ,.1471. 110001, 319 482, 469, 473, 880 ,788,

701ἓέ1111011, 454, 910, 847, 1118, 818,881, 1165.
mV’oe’L ,15,28 113 319 1100000111, 110101, 01, 441, 888, 708,
71131081οζ7. 195, 11571ἰὲ1 8(108 218088, 111812 11282
1101011111, V. 323. 11ιο01100, 85.
110111501011,1180. 1110010, P., 1701, 71. 318,
11011111, 71. 419. 1101111011, 0111, 54, 55, 58, 61, 70,
Merula‚(}., VI. 123. 72, I. 168.
11011011ορ101,887.11,61,1168.
110 01, 1122· 17,0
1111011),.801,11.058 01100111,10.,156.
11111111,1.’,447 10, 201,
1111011100, 7, xix. 0000, 11. 76
1101018110, J. (10, 371, 755, 1763, 11. 0011111111, 117, IV. 453.

12.6 00001011401111,563,805,787, 1084,
1101111100, 8,,1428,1484, 1516, 1102,1158,1588, 1464.
1527,1711,1718,11·449· 0001,8,,71,164,
1101111111ιο151,15’18,71,19.1,1668,1888.
11011111ιο1, 71169 011111740,651.
11019,1.,001,1714 0.,1288, 11114

1,,3,ιιιι 1402, 1719, olivarus, 1791· 71. 471,

Τ, 114, 222 271, 3,88 412, 414, Opizo,VI.140.

461, 465, 467, 468, 474, 481,4 Λᾶ, 0111010111 165

501, 513, 548, 545, 5845

601,613, 854888, 683, 684, 688, 8000, 850, 619, 741, 742, 787, 821,
· 706, 728, 778, 785, 828 ,,845 848, 887, 937 882, 1025, 1089, 1118,
907,808,1087,109ο,1088,1096,1210,9,12181227,1.445.
1087,1106,1107,1182, 1220, 8110010401, 111 ι,
1151707151, 1351645, V. 270. 751ἓ117511141517
1101011041), 7, 617. 8011011143 16, 599, 828, 1709, 11. 38,
Τ. ,V.379 Ρο1ι111011110,.1.,180,187,487;1,398.
1101111011, 531, 587, 1187, 1481,11,801111011111,1,111.5.36
116171111111,8,1107. 7018161877911Μὸ4 111600
11010ιο11, 1777, 714 450. Paris 8011101110111, 1721.
11010110ιί11, 301911, 0401110, 11111100040111000,1100.
1805,11.517. 8000001110, 7,.4.31
1100111111, 14501512, V. 4⁶²· 801110011, 18811638, 16391840,
110148, de 10, 1278, 7. 41. 18441787, 71, 207.
1101101307, 77, 78, 88, 105, 115, 8011010411, V.379.

117, 120, 128, 211, 115, 110, 801, 80111, 77, 11. 444

486, 508, 788, 88⁵8, 8851028, 80011 01, 1158, 1147, 11 41.
1218· ,1..207 8101101 0111,11. 381.
11111101,1179, V.56. 811011111471246.
11111111οΙ1 1113,οὸ 8111110411, IV. 418,
1100011333.. Philips'lvf334.
1111001011, 574, 1..461 81113410,7..65
1101101100, 870, ,1415 ,1482· ,.ΙΙ 416 8111701110,.Η,1181,1478, 111444
1130011110, 881, 11 381. J, 111. 59.

m· 11

 

