510 INDEX 06 0066686061161168

111 11611111 8174 ΙΙΙ.4 491. 16111111, 11329.

1111169111,0., 14884 7,4 41.9 1611111111518881888,134,3 1595,
111111, 4151111191, 11323, 1515,

11111111,Ι.134 11111111,17674 71. 435

111193111, 494, 5854 11495, 61111111, 1018, Ι7.46
11111111,1761471.416, 611911111,1888,1868,1864, 1387,
1111151111, Nic. 91, V. 15. 1391, 1416, 1488, 1484, 1441,
111111,1668471,156.144147,1.6

111191111171388. 6111111, chr, 1884 1.,495
091111110116111111, 71. 113. John, 888, 241, 336, 418, 432, 591,
mffl.m. Jffl,wwm8m,m
Dorp, 394887, 347, 488, 496, 5ο9.“ 1080,1068,1188,1811,14884 1.

586,,,46868219441111496

111199, 871, 3111 406. 691191, 68 ,71, 118, Ι. 188.
1111969 91 'furnhout Ι7.3 395 6111311111, 17. 518.
1119111111,17.44 6111111115111. 395.

111111111111351145 5445 ΙΙ, 5.96 6111111116, 91, 1181, 174 455
11Ιι 181911111391708(1.7 61111111,ΙΙΙ.16.
115111, 7. 307. 69111191417484 71415
6911111111, ΙΙ. 67.
691,,1.7,459844111..198 4691111,Ι7,7,11

14411191.169111114131147141.
6111111141,165,168. 6911111111,11.,7. 517,

6511, 4054 11, 134, 6911, 6, 187, 878, 10884 1416.
6 11911,011111119111. 577. 6111111111, 588, 1 375,1400,1408,

91.91101841,939,5 1788.

Max 1111· 41111111411111. 11114 v 613
1141111141. 11141,4111911,1191; 1111111111 11994 11441.

I.2 52 3. 6116111111 91 6119113, 586, 4888, 953,
61119111, 866, ΙΙΙ, 390. 878,
6111111168. 611111, 111511484 IV. 299.
6111111195, 395, 408, 11. 119, 611611191111, IV. 483.

6111111517, 553,1551,1586, 1688, 611111, Α, 81, 58, 85, 86, 185.

17734 11. 594 Froben, 6 1886· 111. 443.
6151111111111,.,Α 17 266, ,1., 419, 608, 688, 635, 785, 891.
P. ,14195 ΙΙ. 123. 6854 11. 250
6911111111,874,888,14864111.16186614764 ΙΙΙ. 57.

41.1 4 6191111, 11163,
64141199ρί1116 17144 v1. 345 1611611111, VI. 376.
64111191110417194, Ι61111111,1788471.481.
67711111,191111871417.939.3 ’
611111 9161111111, 704 1. 189 (115111, 43, 44, 45, 48, 07, 58, 181,
6111111611, 8784 111417. 18841146.

6111511, 111511464 17, 299. 0161111111, 139· 711. 22.
6111111157 01161111,1669,174547.1166.
6111116,.,11 1088,1186,1188,1888, (1111111111150,1197,16431700,
Ρ145116, 18918417, 137. 1747,1757,1784·,17851796417.
2
3 06111111141841 1355, ΙΙΙ. 148
6111151, 91611111111744 1384, 01151141473

John, 3116, 953, 876, 1887, 1486, 0111111111 1119111, ΙΙ, 8

1880,1715,1739,1771411189.1911171118

John, 91 5115111111 IV. 375 0116111115, 4,87 645, 688, 714
8117111111, 315, 858, 784, 814, 727, 758, 811, 818, 887,1141,

17854 ΙΙ. 37. 1486 (7) 117 379
6111191187. 0111111118, 71. 3,39 .
6111111316 019151916119113, 514, 586,]185,
1111111411111, 1298, 1111, 111ῡῖ 1349,
61111111, 1147361 1448,1485,1488,1593, 1519,

 

