111111111 01¹ OORRESPONDEN‘PS

80110, 1581, 15884 VI. 131.

81101107, Ι. 489

811101014111. 263.

8101101101, 71 252.

8101111300 7 1155 9

81171041 Ν.379.

81111101, 71. 342.

81011111, 1, 48.

811110,112,118,118, 235, 244, 430,
1348,6 624, 865, 888, 776, 8884
2 1.

81001111,850,1021,10884111551,

8111111,’1,,000; 1534.

8004114 5, 81 4.21

8011101, ‘17753 VI.⁴ 447.

8011011111,1,,7.408

{p 1111111Β58οΡ1 Ι71157878, 1001,
1118,,418481487 ΙΙ.4 4.15

84110 011, Ph. 01,,1338

4101011010, 844· 165.

84111301, 8634 ΙΙ, 48.

8411011011, 71. 244.

8111), ΙΙ. 239.

8101111 1,71 278.

8112011111 21.

8100000011, Ι, 200.

8111041112, 111. 4.08

810110114,ΙΙ116.

8101001117, 1115 35.7

8110011013Μο3111101041488, 1477

81101011,8 578, 614, 881, 662, 1888,
1444,1588,15844 11. 554.

811111 IV. 621.

8101111, 18

810110417 89.

80014011, A, NV 15 59

J. 1558.

801047. VI. 132.

811111 00111011007,1708.
8111111011, IV 2

87111117.,1800,718774 71 151.

701001, ΙΙΙ, 206,

7011010100, VI. 101.

7010, 1246, IV. 606.

71714111, 18814 17. 547.

70110110, 71485,
70110114111410

7110141884

7101101011, 11243
710001000471474
7111001101111,4 71011, 10, 18, 14, 41,
7100801101,4Ι.,οΙ 110012, 8404 ΙΙΙ,

1115030801101,V.1100311.63.
7110111302, 0, 01, 1184· ,306

515

701104 1488 IV. ,3313
7003101, 81001110 494.
701100101047, 282.
70100011,,,Ρ 71, 52,
7011111011, 7,,18184 V. 136.

7131130171701104Η118568, 1586 ,18454

7106120111, 000, 01, 11

710 4111111047, 15754 7157

7300311103,Ο,1,886 16494

71011011, 11111117, 11. 384.
70211111,5,71 572, 583, 807, 848,
848, 6633, 875, 8888881088,
1367,1888,1487172641.438
10111,.1,10·’12;.1170.’

J. ,850‚ 848, 1047, 1187, 111343,
st1242 1848,1887,1272,15444
’70001104 17184 III. 281.

1111101, 6158, 167, 158, 170, 10184

771. 188.

1111100047. 410.
ΙΙ11111017011041Η851 8441514115571
01111119191188, 418, Ι, 42
0100110110, 598, 885, 41888, 1888,
1468 ,1464 14744 1117.

70100010, ΙΙ, V. 74

7081181101 11001, Ιο10100,· 1800· 7,

1011, 1057,

70210177101111134

7011000, 868, 77,4 38883 111. 76.

711101, N. ,11684 7,527,

7011150101, 111. 394.

70031147. 336,

701014111014101 01, 88, 84, 8884

229

7013011, 1277, 1818, 18844 7. 51.

70,,Ρ,1175,1366,1484,1808.
,1708 1784, 17884 IV. 426.

70137, 111101, 71 168

Vesuvius, 1784

710100111414874 IV. 590.

7100021011172,

711101104,,11713 7.2

7111111311, 18493; IV. 358.

71000111, 103011100, 181, 188, 1584

710, Ι1115110 (0010101101111429,
71110417486 71297.
7110111047111. 385.

711011027, 88 ,,444 503, 588, 778,
7111111101, 19172.

7111111411 345·

 

