INDEX 011 OORRESPONDENTS

1626,3136,,1661,1666 16931228,
(1613116 611611,12, 1239, 20 23 22,
22,24,,23 26, 22, 22·, ’1,2622
20 3,6,22,40,2231.92.
Ρ6133,32 Ι..73

Gerbel'l. 3⁴². ⁸003?ss 339, 333, 352. 369,

(1131361311. 2336120,

(1113336, 344333 1481, 1606, 3369,
363 63 12163 V.44.8
(11316442. 323, 5662, 242, 1022, 11213

(11113316.,184,264,266, 224, 212,
222, 866 ,,448 426, 422, 421, 515,
616, 326, 216, 682, 683, 684, 662,
202, 208, 212, 212226, 264, 226,
212, 846, 8491626, 3726, 12403

(111113, Ι4161, 1. 426.

(1163116131, 339, 333 11. 334

(1163661366, 4, v14278.
(1169,166122631

Glareanus, 440, 4637 4 604, 638,
202, 221, 266, 20231 ·(66279

1166136163, 1202, 1226, 1262111222,
1296,1688,1462,1662,164’1,1763,

3768, 3 78, 37283 IV. 504.

(1661676493 and 11 329.
(166611, W., 224, 226, 226, 222,
222, 282, 222, 820, 1332.

6163πὶ31, 111. 09.

(133 9136641. 223.
(1366163441022311492
(1333163116. 23.

(1369613136, 11. 432.

(1363336313, 141.

61107„ ,68 62, 6466, 62, 1⁴5, 6283
(13136361,334.710,826,10123 11. 73

(13191363, Ρ, 1. 488.

(1366161273.

(1361163, 2213 111. 297.

(1366336163, V. 241.
(13616316310203 IV.202

Grnningk, 111. 3.2

(13666163, 4¹17.3

(1367 eres, 1624, 1. 615

1137113663, 16623 11. 244.
(1663636, V. 636.

(161136, 2623 1. 499.

(16131411. 8.

(161663661134
633331928316616632, 111. ⁵8⁵·

(1611133331,’1212, 11. 150.

62613, 10083 1v. 55.
Η36913331116, N. (16, 1. 200.

511

Halewin, 641, 1116, 3269· ·.111 62.

Η3113311, Η, 11'. 521.

J. 11, 61. 32.

2316311, 66 537.

Η31367,Τ,26431.3οο

23633, 3 4213 ·.1 462.

Η363166, V. 58.

Η633636363,,1., 376.

Η63163, 1141·

Η3331, 1216, 11. 532.

2311613, 882, 12893 11. 344.

Η31131316, IV. 277.

Hedio, 1462· V. 479.

1166631, V. 250.

Η36661623, 16423 VI. 227.

Η69663163163,1166’; IV.411.

263631 105.

Hedun,11..8

Η36616616223 VI. 273.

Η66633, III. 419

116637 3333, 104, 204, 266, 222,
33,9 662, 824, 264, 6026, 1681,
128614601428.

113637 3112661313, ΠΙ. 29.

2636313613, (1.,12163 V. 131.

Reman, ww 333 3113351363 383393
81, 82, 84, 92, 342, 122, 126, 1.
326.

Hermann, Η, 1121, 14223 ΙΙΙ. 444.

Η6363667 6363, (1, Ι. 7.

1163169313163613, 1616. 61, 1222, 33943

Η6169661133663, 482.

2631163 83 339, 1286 (1), 1482, 3 389·3

¹9

ἔ Η11136, IV. 14 43
¹ noandum.. 1006; ¹516

2636, V. 276

1166311136316613339, Η6 61, V. 132.
Hohenstein, Wm. of,. 473.
Hollonius, 45 111. 445.
1166311,.61,’661,212.3694,1436,
14261646, 1626· 111. 387.
Η66931166136, 4631333361, 222, 381.
Homburg ,7379

Ηο3633, 12023 IV.0 503.
6631639623 111. 399.
Η613633163,1Ι. 11.

1164100113 111618.

Η6336 ς73, 1214 IV. 531.

Hnmmelberg, g,.I5115.
11636 13337 226· 534.
11663,1462,1662,1218311486.
Η61166, 2., 611. 27. “
11., 365,611, 923, 261, 986, 222,
1066, 3133, 3363,16663 II. 155.
Η6111613(1), 6603 11 502.

Hyllveg (1), 1442.

 

